function [Y,Xf,Af] = BPNN(X,~,~)

% ===== NEURAL NETWORK CONSTANTS =====

% Input 1
x1_step1.xoffset = [0.137254901960784;0.133333333333333;0.133333333333333;0.141176470588235;0.141176470588235;0.141176470588235;0.137254901960784;0.141176470588235;0.129411764705882;0.129411764705882;0.133333333333333;0.137254901960784;0.141176470588235;0.117647058823529;0.137254901960784;0.125490196078431;0.141176470588235;0.141176470588235;0.141176470588235;0.137254901960784;0.129411764705882;0.133333333333333;0.133333333333333;0.129411764705882;0.137254901960784;0.129411764705882;0.133333333333333;0.129411764705882;0.137254901960784;0.133333333333333;0.133333333333333;0.137254901960784;0.137254901960784;0.125490196078431;0.129411764705882;0.133333333333333;0.129411764705882;0.129411764705882;0.125490196078431;0.129411764705882;0.125490196078431;0.129411764705882;0.125490196078431;0.129411764705882;0.133333333333333;0.137254901960784;0.129411764705882;0.129411764705882;0.129411764705882;0.125490196078431;0.125490196078431;0.125490196078431;0.125490196078431;0.125490196078431;0.125490196078431;0.125490196078431;0.113725490196078;0.0941176470588235;0.101960784313725;0.113725490196078;0.113725490196078;0.0980392156862745;0.109803921568627;0.109803921568627;0.117647058823529;0.117647058823529;0.113725490196078;0.12156862745098;0.12156862745098;0.125490196078431;0.117647058823529;0.125490196078431;0.125490196078431;0.12156862745098;0.129411764705882;0.113725490196078;0.12156862745098;0.117647058823529;0.12156862745098;0.12156862745098;0.117647058823529;0.125490196078431;0.117647058823529;0.113725490196078;0.113725490196078;0.113725490196078;0.12156862745098;0.117647058823529;0.12156862745098;0.113725490196078;0.109803921568627;0.117647058823529;0.109803921568627;0.109803921568627;0.117647058823529;0.105882352941176;0.117647058823529;0.101960784313725;0.113725490196078;0.113725490196078;0.117647058823529;0.101960784313725;0.12156862745098;0.125490196078431;0.12156862745098;0.12156862745098;0.117647058823529;0.125490196078431;0.125490196078431;0.117647058823529;0.113725490196078;0.12156862745098;0.125490196078431;0.133333333333333;0.133333333333333;0.129411764705882;0.117647058823529;0.12156862745098;0.113725490196078;0.129411764705882;0.125490196078431;0.117647058823529;0.113725490196078;0.125490196078431;0.12156862745098;0.125490196078431;0.117647058823529;0.12156862745098;0.125490196078431;0.12156862745098;0.117647058823529;0.113725490196078;0.117647058823529;0.117647058823529;0.12156862745098;0.109803921568627;0.117647058823529;0.117647058823529;0.125490196078431;0.12156862745098;0.109803921568627;0.12156862745098;0.109803921568627;0.12156862745098;0.113725490196078;0.113725490196078;0.12156862745098;0.125490196078431;0.117647058823529;0.117647058823529;0.101960784313725;0.105882352941176;0.117647058823529;0.0980392156862745;0.105882352941176;0.109803921568627;0.105882352941176;0.109803921568627;0.117647058823529;0.109803921568627;0.109803921568627;0.117647058823529;0.117647058823529;0.113725490196078;0.0980392156862745;0.109803921568627;0.113725490196078;0.109803921568627;0.113725490196078;0.12156862745098;0.117647058823529;0.113725490196078;0.113725490196078;0.105882352941176;0.125490196078431;0.12156862745098;0.117647058823529;0.125490196078431;0.125490196078431;0.117647058823529;0.125490196078431;0.12156862745098;0.129411764705882;0.117647058823529;0.12156862745098;0.113725490196078;0.12156862745098;0.117647058823529;0.12156862745098;0.125490196078431;0.125490196078431;0.12156862745098;0.125490196078431;0.125490196078431;0.129411764705882;0.129411764705882;0.12156862745098;0.129411764705882;0.12156862745098;0.125490196078431;0.117647058823529;0.12156862745098;0.109803921568627;0.101960784313725;0.117647058823529;0.125490196078431;0.125490196078431;0.113725490196078;0.101960784313725;0.117647058823529;0.101960784313725;0.113725490196078;0.117647058823529;0.109803921568627;0.113725490196078;0.117647058823529;0.12156862745098;0.117647058823529;0.117647058823529;0.109803921568627;0.117647058823529;0.113725490196078;0.109803921568627;0.0901960784313725;0.101960784313725;0.105882352941176;0.105882352941176;0.0901960784313725;0.0980392156862745;0.113725490196078;0.12156862745098;0.0980392156862745;0.101960784313725;0.113725490196078;0.117647058823529;0.117647058823529;0.117647058823529;0.109803921568627;0.117647058823529;0.117647058823529;0.117647058823529;0.113725490196078;0.0980392156862745;0.0980392156862745;0.109803921568627;0.105882352941176;0.105882352941176;0.105882352941176;0.12156862745098;0.113725490196078;0.109803921568627;0.117647058823529;0.113725490196078;0.113725490196078;0.125490196078431;0.12156862745098];
